10010	1.1
00000
01000
00100
10010	1.2
00000
01000
00100
10010	1.3
01000
00100
00010
11000	1.4
00010
00100
01000
10010	2.1
00000
00100
00010
11000	2.2
00100
00010
01000
11000	2.3
00100
01000
00010
11000	2.4
00100
00010
01000
11111	3.1
01111
11000	3.2
00010
00010
00100
10010	3.3
00010
0100
00010
10010	3.4
01000
01000
00010
11111	4.1
01111
11100	4.2
00000
01100
01100
11000	4.3
00100
01000
10010	4.4
00100
00010
11111	5.1
01000
00010
01011
11000	5.2
00010
01001
01000
10010	5.3
01001
01000
00010
11001	5.4
00010
01010
01001
11111	6.1
00110
00010
00101
10010	6.2
00100
00011
00110
10100	6.3
00011
00110
00100
10011	6.4
00100
00110
00001
11011	7.1
11010	7.2
00100
11010	7.3
00100
00100
11010	7.4
00100
00100
11011	8.1
00100
01000
00100
11011	8.2
00100
01000
00100
11011	8.3
00000
00100
00010
01000
00000
11011	8.4.1
00000
00000
00100	8.4.2
00010
00000
01000	8.4.3
00000
00010
00100	8.4.4
00000
00000
11111	9